

 NAS Parallel Benchmarks 4.1 Serial Rust version - CG Benchmark

 Size: 150000
 Iterations: 75
 Initialization time = 14.824491724 seconds

   iteration           ||r||                 zeta
    1       1   109.9994423237398
    2       0.00265499579247034   27.392043714650043
    3       0.0026949015248094927   28.033976184028006
    4       0.0027140305078299657   28.419150755129508
    5       0.002720881158197168   28.647167003888498
    6       0.002720881640217129   28.78129694183923
    7       0.002717339237177518   28.860045853734604
    8       0.0027122007384030354   28.906314557270633
    9       0.002706574290617667   28.933564921462548
    10       0.0027010632026542893   28.949669544899407
    11       0.00269597219073974   28.95922633537576
    12       0.0026914325878497885   28.964923348488497
    13       0.0026874776218297615   28.968335924893196
    14       0.002684087344766598   28.970390396000994
    15       0.0026812152124007205   28.971633622836364
    16       0.002678803585575361   28.97238986008456
    17       0.0026767925498759554   28.9728522692226
    18       0.0026751247156408184   28.973136479777395
    19       0.002673747615947899   28.9733120569269
    20       0.002672614688652059   28.973421066374613
    21       0.0026716854445119737   28.973489076052772
    22       0.0026709251883943208   28.973531706487535
    23       0.0026703045158087218   28.97355854972625
    24       0.002669798717513125   28.97357552566598
    25       0.0026693871694521564   28.97358630593949
    26       0.002669052750979681   28.973593178738497
    27       0.0026687813132313856   28.973597576740588
    28       0.0026685612067500492   28.9736004009972
    29       0.0026683828699317924   28.973602220677662
    30       0.00266823847561173   28.973603396762172
    31       0.002668121630907421   28.973604159116547
    32       0.0026680271244897153   28.973604654642145
    33       0.0026679507152595613   28.97360497756138
    34       0.0026678889566445372   28.97360518850836
    35       0.00266783905119464   28.97360532662337
    36       0.002667798730724733   28.9736054172447
    37       0.002667766157842419   28.973605476823366
    38       0.002667739845274891   28.973605516062662
    39       0.0026677185899374083   28.97360554195771
    40       0.0026677014191616513   28.97360555906822
    41       0.0026676875469211405   28.973605570395492
    42       0.002667676338249208   28.973605577907847
    43       0.0026676672803563426   28.973605582892063
    44       0.002667659959212166   28.973605586209445
    45       0.0026676540405769886   28.973605588411573
    46       0.0026676492546515856   28.97360558988349
    47       0.0026676453836628083   28.97360559086418
    48       0.0026676422518311185   28.97360559152031
    49       0.0026676397172660615   28.973605591955774
    50       0.002667637665423106   28.973605592249584
    51       0.0026676360038218167   28.973605592444457
    52       0.0026676346577843226   28.97360559257544
    53       0.0026676335669971176   28.97360559266363
    54       0.0026676326827375215   28.973605592723658
    55       0.002667631965636919   28.973605592763192
    56       0.0026676313838766307   28.973605592789482
    57       0.002667630911732788   28.973605592806848
    58       0.0026676305284024995   28.97360559281796
    59       0.0026676302170574825   28.973605592829728
    60       0.002667629964079765   28.973605592834048
    61       0.0026676297584457727   28.973605592837103
    62       0.0026676295912288184   28.973605592841253
    63       0.0026676294551974786   28.97360559283966
    64       0.0026676293444916443   28.973605592843285
    65       0.0026676292543605282   28.973605592842688
    66       0.0026676291809512383   28.973605592844223
    67       0.0026676291211378328   28.973605592843455
    68       0.0026676290723831255   28.973605592845814
    69       0.0026676290326270806   28.973605592846766
    70       0.002667629000196252   28.973605592844535
    71       0.0026676289737308703   28.97360559284583
    72       0.002667628952125402   28.973605592843356
    73       0.0026676289344807996   28.97360559284695
    74       0.0026676289200655862   28.9736055928455
    75       0.002667628908284431   28.97360559284536
 Benchmark completed
 VERIFICATION SUCCESSFUL
 Zeta is    28.97360559284536
 Error is   0.00000000000001238451598331489


 CG Benchmark Completed
 class_npb       =                        c
 Size            =                   150000
 Total threads   =                        1
 Iterations      =                       75
 Time in seconds =              279.551216803
 Mop/s total     =                   512.78
 Operation type  =           floating point
 Verification    =               SUCCESSFUL
 Version         =                    4.1.2
 Compile date    =             2023-04-30T16:36:47.240321951-03:00
 Compiler ver    =     rustc 1.70.0-nightly

 Compile options:

    RUSTC           = 
    RUST_LINK       = 
    RUST_LIB        = 
    RUST_INC        = 
    RUST_FLAGS      = 
    RUST_LINK_FLAGS = 
    RAND            = 
